[38;2;237;230;203m[48;2;237;230;203mв–Ђв–Ђв–Ђв–Ђв–Ђв–Ђв–Ђв–Ђв–Ђв–Ђв–Ђв–Ђв–Ђв–Ђв–Ђв–Ђв–Ђв–Ђв–Ђв–Ђв–Ђв–Ђв–Ђв–Ђв–Ђв–Ђв–Ђв–Ђв–Ђв–Ђв–Ђв–Ђв–Ђв–Ђв–Ђв–Ђ[38;2;154;159;135mв–Ђ[38;2;29;50;48m[48;2;43;69;79mв–Ђ[38;2;43;69;79mв–Ђ[48;2;29;50;48mв–Ђ[0m
[38;2;237;230;203m[48;2;237;230;203mв–Ђв–Ђв–Ђв–Ђв–Ђв–Ђв–Ђв–Ђв–Ђв–Ђв–Ђв–Ђв–Ђв–Ђв–Ђв–Ђв–Ђв–Ђв–Ђв–Ђв–Ђв–Ђв–Ђв–Ђв–Ђв–Ђв–Ђв–Ђв–Ђв–Ђв–Ђв–Ђв–Ђв–Ђв–Ђв–Ђв–Ђ[38;2;43;69;79m[48;2;79;93;66mв–Ђ[48;2;43;69;79mв–Ђ[48;2;79;93;66mв–Ђ[0m
[38;2;237;230;203m[48;2;237;230;203mв–Ђв–Ђв–Ђв–Ђв–Ђв–Ђв–Ђв–Ђв–Ђв–Ђв–Ђв–Ђв–Ђв–Ђв–Ђв–Ђв–Ђв–Ђв–Ђв–Ђв–Ђв–Ђв–Ђв–Ђв–Ђв–Ђв–Ђв–Ђв–Ђв–Ђв–Ђв–Ђв–Ђв–Ђв–Ђв–Ђв–Ђ[38;2;58;112;142m[48;2;154;159;135mв–Ђ[38;2;29;50;48m[48;2;43;69;79mв–Ђ[48;2;29;50;48mв–Ђ[0m
[38;2;237;230;203m[48;2;237;230;203mв–Ђв–Ђв–Ђ[48;2;154;159;135mв–Ђв–Ђв–Ђв–Ђв–Ђ[48;2;237;230;203mв–Ђв–Ђв–Ђв–Ђв–Ђв–Ђв–Ђв–Ђв–Ђв–Ђв–Ђв–Ђв–Ђв–Ђв–Ђв–Ђв–Ђв–Ђв–Ђв–Ђв–Ђв–Ђв–Ђв–Ђв–Ђв–Ђв–Ђв–Ђв–Ђ[38;2;154;159;135mв–Ђ[38;2;43;69;79m[48;2;29;50;48mв–Ђ[38;2;29;50;48m[48;2;43;69;79mв–Ђ[0m
[38;2;237;230;203m[48;2;237;230;203mв–Ђ[48;2;154;159;135mв–Ђ[38;2;79;93;66m[48;2;112;77;43mв–Ђ[38;2;49;78;63m[48;2;29;50;48mв–Ђ[38;2;79;93;66m[48;2;154;159;135mв–Ђ[38;2;154;159;135m[48;2;237;230;203mв–Ђ[38;2;58;112;142mв–Ђ[38;2;79;93;66m[48;2;49;78;63mв–Ђ[38;2;154;159;135m[48;2;79;93;66mв–Ђ[38;2;237;230;203m[48;2;154;159;135mв–Ђ[48;2;237;230;203mв–Ђ[38;2;154;159;135mв–Ђв–Ђв–Ђв–Ђв–Ђв–Ђ[38;2;237;230;203mв–Ђв–Ђв–Ђв–Ђв–Ђ[48;2;154;159;135mв–Ђв–Ђв–Ђ[48;2;237;230;203mв–Ђв–Ђв–Ђв–Ђв–Ђв–Ђв–Ђв–Ђв–Ђв–Ђв–Ђв–Ђв–Ђ[38;2;49;78;63m[48;2;79;93;66mв–Ђ[38;2;29;50;48m[48;2;29;50;48mв–Ђ[0m
[38;2;237;230;203m[48;2;154;159;135mв–Ђ[38;2;49;78;63m[48;2;29;50;48mв–Ђв–Ђ[38;2;79;93;66m[48;2;58;112;142mв–Ђ[38;2;154;159;135m[48;2;154;159;135mв–Ђ[38;2;58;112;142m[48;2;79;93;66mв–Ђ[38;2;154;159;135m[48;2;154;159;135mв–Ђ[38;2;79;93;66mв–Ђ[38;2;112;77;43m[48;2;49;78;63mв–Ђ[38;2;79;93;66m[48;2;79;93;66mв–Ђ[38;2;237;230;203m[48;2;237;230;203mв–Ђв–Ђв–Ђв–Ђв–Ђв–Ђв–Ђв–Ђв–Ђв–Ђв–Ђ[48;2;58;112;142mв–Ђ[38;2;49;78;63m[48;2;79;93;66mв–Ђ[48;2;49;78;63mв–Ђ[38;2;43;69;79mв–Ђ[38;2;79;93;66mв–Ђ[48;2;29;50;48mв–Ђ[38;2;58;112;142m[48;2;49;78;63mв–Ђ[38;2;154;159;135mв–Ђ[48;2;58;112;142mв–Ђ[48;2;154;159;135mв–Ђв–Ђ[38;2;237;230;203m[48;2;237;230;203mв–Ђв–Ђв–Ђв–Ђв–Ђв–Ђ[38;2;79;93;66m[48;2;154;159;135mв–Ђ[38;2;29;50;48m[48;2;29;50;48mв–Ђ[0m
[38;2;105;159;173m[48;2;105;159;173mв–Ђ[38;2;21;29;26m[48;2;21;29;26mв–Ђ[38;2;29;50;48mв–Ђ[38;2;49;78;63mв–Ђв–Ђ[38;2;29;50;48mв–Ђ[38;2;49;78;63mв–Ђ[38;2;79;93;66m[48;2;29;50;48mв–Ђ[38;2;49;78;63mв–Ђв–Ђ[38;2;154;159;135mв–Ђ[38;2;237;230;203mв–Ђ[48;2;49;78;63mв–Ђ[48;2;79;93;66mв–Ђ[48;2;154;159;135mв–Ђ[48;2;79;93;66mв–Ђв–Ђв–Ђ[38;2;154;159;135m[48;2;29;50;48mв–Ђ[38;2;79;93;66mв–Ђв–Ђ[38;2;154;159;135mв–Ђ[38;2;237;230;203m[48;2;49;78;63mв–Ђ[38;2;154;159;135mв–Ђ[38;2;29;50;48m[48;2;29;50;48mв–Ђв–Ђв–Ђ[38;2;49;78;63m[48;2;49;78;63mв–Ђ[38;2;79;93;66m[48;2;79;93;66mв–Ђ[38;2;154;159;135m[48;2;154;159;135mв–Ђв–Ђ[38;2;237;230;203m[48;2;237;230;203mв–Ђв–Ђв–Ђв–Ђв–Ђв–Ђв–Ђ[38;2;154;159;135m[48;2;154;159;135mв–Ђ[38;2;29;50;48m[48;2;29;50;48mв–Ђ[0m
[38;2;105;159;173m[48;2;237;230;203mв–Ђ[38;2;29;50;48m[48;2;58;112;142mв–Ђ[38;2;21;29;26m[48;2;21;29;26mв–Ђв–Ђв–Ђв–Ђв–Ђв–Ђв–Ђ[38;2;29;50;48mв–Ђв–Ђв–Ђ[38;2;21;29;26m[48;2;29;50;48mв–Ђв–Ђ[48;2;21;29;26mв–Ђв–Ђв–Ђв–Ђв–Ђв–Ђв–Ђ[38;2;29;50;48m[48;2;29;50;48mв–Ђв–Ђ[38;2;49;78;63mв–Ђ[38;2;79;93;66m[48;2;154;159;135mв–Ђ[48;2;237;230;203mв–Ђ[48;2;154;159;135mв–Ђв–Ђ[48;2;79;93;66mв–Ђв–Ђв–Ђ[38;2;58;112;142mв–Ђ[38;2;154;159;135m[48;2;49;78;63mв–Ђ[38;2;58;112;142mв–Ђ[38;2;154;159;135m[48;2;29;50;48mв–Ђ[48;2;21;29;26mв–Ђ[48;2;29;50;48mв–Ђ[38;2;237;230;203m[48;2;154;159;135mв–Ђ[48;2;237;230;203mв–Ђ[38;2;29;50;48m[48;2;49;78;63mв–Ђ[0m
[38;2;237;230;203m[48;2;237;230;203mв–Ђв–Ђ[38;2;79;93;66mв–Ђ[38;2;21;29;26m[48;2;58;112;142mв–Ђ[48;2;21;29;26mв–Ђв–Ђв–Ђв–Ђв–Ђв–Ђв–Ђв–Ђв–Ђв–Ђв–Ђв–Ђв–Ђв–Ђв–Ђв–Ђв–Ђв–Ђв–Ђв–Ђ[38;2;49;78;63mв–Ђ[38;2;154;159;135m[48;2;49;78;63mв–Ђ[38;2;237;230;203m[48;2;237;230;203mв–Ђв–Ђв–Ђв–Ђ[38;2;154;159;135m[48;2;154;159;135mв–Ђв–Ђв–Ђ[48;2;79;93;66mв–Ђ[38;2;58;112;142m[48;2;58;112;142mв–Ђ[38;2;79;93;66mв–Ђ[38;2;58;112;142m[48;2;79;93;66mв–Ђ[38;2;154;159;135mв–Ђ[38;2;237;230;203m[48;2;154;159;135mв–Ђ[38;2;49;78;63m[48;2;79;93;66mв–Ђ[0m
[38;2;237;230;203m[48;2;237;230;203mв–Ђв–Ђв–Ђв–Ђ[38;2;58;112;142mв–Ђ[38;2;21;29;26m[48;2;154;159;135mв–Ђ[48;2;29;50;48mв–Ђ[48;2;21;29;26mв–Ђв–Ђв–Ђв–Ђв–Ђв–Ђв–Ђв–Ђв–Ђв–Ђв–Ђв–Ђв–Ђв–Ђв–Ђв–Ђв–Ђв–Ђ[38;2;49;78;63m[48;2;29;50;48mв–Ђ[38;2;237;230;203m[48;2;154;159;135mв–Ђ[48;2;237;230;203mв–Ђ[48;2;154;159;135mв–Ђ[38;2;154;159;135m[48;2;237;230;203mв–Ђв–Ђв–Ђв–Ђв–Ђ[38;2;237;230;203mв–Ђв–Ђв–Ђв–Ђв–Ђ[38;2;79;93;66m[48;2;58;112;142mв–Ђ[0m
[38;2;154;159;135m[48;2;237;230;203mв–Ђв–Ђв–Ђ[38;2;237;230;203mв–Ђ[48;2;154;159;135mв–Ђв–Ђ[38;2;154;159;135mв–Ђ[38;2;79;93;66m[48;2;237;230;203mв–Ђ[38;2;21;29;26m[48;2;154;159;135mв–Ђ[48;2;79;93;66mв–Ђ[48;2;29;50;48mв–Ђ[48;2;21;29;26mв–Ђв–Ђв–Ђв–Ђв–Ђв–Ђв–Ђв–Ђ[48;2;29;50;48mв–Ђв–Ђ[48;2;49;78;63mв–Ђв–Ђ[38;2;29;50;48mв–Ђ[48;2;79;93;66mв–Ђв–Ђ[38;2;79;93;66mв–Ђ[38;2;237;230;203m[48;2;237;230;203mв–Ђв–Ђв–Ђв–Ђв–Ђв–Ђв–Ђв–Ђв–Ђв–Ђв–Ђв–Ђ[38;2;154;159;135m[48;2;154;159;135mв–Ђ[0m
[38;2;237;230;203m[48;2;237;230;203mв–Ђв–Ђв–Ђв–Ђв–Ђв–Ђв–Ђв–Ђв–Ђв–Ђ[38;2;154;159;135mв–Ђ[38;2;29;50;48m[48;2;154;159;135mв–Ђ[38;2;21;29;26m[48;2;29;50;48mв–Ђв–Ђв–Ђ[48;2;79;93;66mв–Ђ[38;2;49;78;63m[48;2;154;159;135mв–Ђ[38;2;79;93;66mв–Ђ[38;2;154;159;135m[48;2;237;230;203mв–Ђв–Ђв–Ђ[38;2;237;230;203mв–Ђ[38;2;79;93;66m[48;2;58;112;142mв–Ђ[38;2;29;50;48m[48;2;29;50;48mв–Ђ[38;2;49;78;63mв–Ђ[38;2;105;159;173m[48;2;105;159;173mв–Ђ[48;2;154;159;135mв–Ђ[38;2;237;230;203m[48;2;237;230;203mв–Ђв–Ђв–Ђв–Ђв–Ђв–Ђв–Ђв–Ђв–Ђв–Ђв–Ђв–Ђ[38;2;154;159;135mв–Ђ[0m
[38;2;237;230;203m[48;2;154;159;135mв–Ђв–Ђ[48;2;237;230;203mв–Ђв–Ђв–Ђв–Ђв–Ђв–Ђв–Ђв–Ђв–Ђв–Ђ[38;2;49;78;63m[48;2;49;78;63mв–Ђ[38;2;29;50;48m[48;2;29;50;48mв–Ђ[38;2;79;93;66m[48;2;58;112;142mв–Ђ[38;2;154;159;135m[48;2;154;159;135mв–Ђв–Ђ[48;2;237;230;203mв–Ђ[48;2;154;159;135mв–Ђв–Ђв–Ђв–Ђ[48;2;79;93;66mв–Ђ[38;2;49;78;63m[48;2;154;159;135mв–Ђ[38;2;58;112;142mв–Ђ[38;2;154;159;135mв–Ђв–Ђ[38;2;237;230;203mв–Ђв–Ђв–Ђв–Ђв–Ђ[48;2;237;230;203mв–Ђв–Ђв–Ђв–Ђв–Ђв–Ђв–Ђв–Ђ[0m
[38;2;79;93;66m[48;2;182;131;76mв–Ђ[38;2;182;131;76mв–Ђ[38;2;154;159;135m[48;2;79;93;66mв–Ђв–Ђ[48;2;182;131;76mв–Ђ[48;2;154;159;135mв–Ђв–Ђ[48;2;79;93;66mв–Ђв–Ђв–Ђв–Ђ[38;2;79;93;66m[48;2;182;131;76mв–Ђ[48;2;154;159;135mв–Ђ[38;2;58;112;142mв–Ђ[38;2;154;159;135mв–Ђв–Ђ[38;2;237;230;203mв–Ђ[38;2;154;159;135mв–Ђв–Ђв–Ђв–Ђ[48;2;79;93;66mв–Ђ[38;2;79;93;66m[48;2;154;159;135mв–Ђ[38;2;154;159;135mв–Ђв–Ђв–Ђв–Ђв–Ђв–Ђв–Ђв–Ђв–Ђв–Ђв–Ђв–Ђв–Ђв–Ђв–Ђ[38;2;237;230;203mв–Ђ[38;2;154;159;135mв–Ђ[0m
[38;2;154;159;135m[48;2;49;78;63mв–Ђв–Ђ[38;2;79;93;66mв–Ђв–Ђ[38;2;154;159;135m[48;2;79;93;66mв–Ђ[38;2;79;93;66mв–Ђ[48;2;58;112;142mв–Ђ[48;2;154;159;135mв–Ђ[38;2;182;131;76mв–Ђ[48;2;79;93;66mв–Ђв–Ђ[48;2;182;131;76mв–Ђ[38;2;112;77;43m[48;2;112;77;43mв–Ђ[38;2;182;131;76m[48;2;79;93;66mв–Ђ[38;2;112;77;43mв–Ђ[48;2;112;77;43mв–Ђ[38;2;182;131;76m[48;2;79;93;66mв–Ђв–Ђв–Ђ[38;2;79;93;66mв–Ђв–Ђв–Ђ[38;2;154;159;135m[48;2;182;131;76mв–Ђ[48;2;154;159;135mв–Ђв–Ђв–Ђв–Ђв–Ђв–Ђв–Ђв–Ђв–Ђв–Ђв–Ђв–Ђв–Ђв–Ђв–Ђв–Ђ[38;2;79;93;66m[48;2;29;50;48mв–Ђ[0m
[38;2;79;93;66m[48;2;43;69;79mв–Ђв–Ђ[38;2;43;69;79mв–Ђв–Ђ[38;2;79;93;66m[48;2;58;112;142mв–Ђ[38;2;43;69;79m[48;2;43;69;79mв–Ђ[38;2;49;78;63m[48;2;79;93;66mв–Ђ[48;2;58;112;142mв–Ђ[48;2;79;93;66mв–Ђ[38;2;43;69;79m[48;2;58;112;142mв–Ђ[38;2;49;78;63mв–Ђ[48;2;79;93;66mв–Ђв–Ђв–Ђ[38;2;79;93;66m[48;2;49;78;63mв–Ђв–Ђ[48;2;29;50;48mв–Ђ[38;2;154;159;135m[48;2;49;78;63mв–Ђв–Ђ[38;2;79;93;66m[48;2;79;93;66mв–Ђв–Ђ[38;2;154;159;135mв–Ђ[38;2;182;131;76m[48;2;154;159;135mв–Ђв–Ђ[48;2;79;93;66mв–Ђв–Ђ[48;2;182;131;76mв–Ђв–Ђ[48;2;112;77;43mв–Ђ[48;2;182;131;76mв–Ђ[38;2;154;159;135mв–Ђв–Ђ[48;2;154;159;135mв–Ђв–Ђв–Ђв–Ђв–Ђв–Ђ[38;2;79;93;66m[48;2;29;50;48mв–Ђ[38;2;29;50;48mв–Ђ[0m
[38;2;43;69;79m[48;2;43;69;79mв–Ђв–Ђв–Ђ[48;2;79;93;66mв–Ђ[48;2;43;69;79mв–Ђв–Ђв–Ђв–Ђв–Ђ[48;2;79;93;66mв–Ђ[38;2;58;112;142mв–Ђ[38;2;154;159;135mв–Ђ[38;2;58;112;142mв–Ђв–Ђ[48;2;58;112;142mв–Ђ[38;2;105;159;173mв–Ђв–Ђ[38;2;154;159;135mв–Ђ[38;2;79;93;66m[48;2;79;93;66mв–Ђ[38;2;58;112;142m[48;2;105;159;173mв–Ђ[38;2;79;93;66m[48;2;58;112;142mв–Ђ[48;2;105;159;173mв–Ђ[38;2;49;78;63mв–Ђ[48;2;49;78;63mв–Ђ[38;2;79;93;66m[48;2;79;93;66mв–Ђ[48;2;29;50;48mв–Ђв–Ђ[48;2;49;78;63mв–Ђ[38;2;182;131;76m[48;2;79;93;66mв–Ђ[48;2;112;77;43mв–Ђв–Ђ[38;2;79;93;66m[48;2;79;93;66mв–Ђ[48;2;182;131;76mв–Ђ[38;2;182;131;76mв–Ђв–Ђ[48;2;79;93;66mв–Ђв–Ђ[38;2;29;50;48m[48;2;29;50;48mв–Ђ[38;2;49;78;63m[48;2;49;78;63mв–Ђ[38;2;29;50;48m[48;2;29;50;48mв–Ђ[0m
