[38;2;237;230;203m[48;2;237;230;203m▀▀▀▀▀▀▀▀▀▀▀▀▀▀▀▀▀▀▀▀▀▀▀▀▀▀▀▀▀▀▀▀▀▀▀▀[38;2;154;159;135m▀[38;2;29;50;48m[48;2;43;69;79m▀[38;2;43;69;79m▀[48;2;29;50;48m▀[0m
[38;2;237;230;203m[48;2;237;230;203m▀▀▀▀▀▀▀▀▀▀▀▀▀▀▀▀▀▀▀▀▀▀▀▀▀▀▀▀▀▀▀▀▀▀▀▀▀[38;2;43;69;79m[48;2;79;93;66m▀[48;2;43;69;79m▀[48;2;79;93;66m▀[0m
[38;2;237;230;203m[48;2;237;230;203m▀▀▀▀▀▀▀▀▀▀▀▀▀▀▀▀▀▀▀▀▀▀▀▀▀▀▀▀▀▀▀▀▀▀▀▀▀[38;2;58;112;142m[48;2;154;159;135m▀[38;2;29;50;48m[48;2;43;69;79m▀[48;2;29;50;48m▀[0m
[38;2;237;230;203m[48;2;237;230;203m▀▀▀[48;2;154;159;135m▀▀▀▀▀[48;2;237;230;203m▀▀▀▀▀▀▀▀▀▀▀▀▀▀▀▀▀▀▀▀▀▀▀▀▀▀▀▀▀[38;2;154;159;135m▀[38;2;43;69;79m[48;2;29;50;48m▀[38;2;29;50;48m[48;2;43;69;79m▀[0m
[38;2;237;230;203m[48;2;237;230;203m▀[48;2;154;159;135m▀[38;2;79;93;66m[48;2;112;77;43m▀[38;2;49;78;63m[48;2;29;50;48m▀[38;2;79;93;66m[48;2;154;159;135m▀[38;2;154;159;135m[48;2;237;230;203m▀[38;2;58;112;142m▀[38;2;79;93;66m[48;2;49;78;63m▀[38;2;154;159;135m[48;2;79;93;66m▀[38;2;237;230;203m[48;2;154;159;135m▀[48;2;237;230;203m▀[38;2;154;159;135m▀▀▀▀▀▀[38;2;237;230;203m▀▀▀▀▀[48;2;154;159;135m▀▀▀[48;2;237;230;203m▀▀▀▀▀▀▀▀▀▀▀▀▀[38;2;49;78;63m[48;2;79;93;66m▀[38;2;29;50;48m[48;2;29;50;48m▀[0m
[38;2;237;230;203m[48;2;154;159;135m▀[38;2;49;78;63m[48;2;29;50;48m▀▀[38;2;79;93;66m[48;2;58;112;142m▀[38;2;154;159;135m[48;2;154;159;135m▀[38;2;58;112;142m[48;2;79;93;66m▀[38;2;154;159;135m[48;2;154;159;135m▀[38;2;79;93;66m▀[38;2;112;77;43m[48;2;49;78;63m▀[38;2;79;93;66m[48;2;79;93;66m▀[38;2;237;230;203m[48;2;237;230;203m▀▀▀▀▀▀▀▀▀▀▀[48;2;58;112;142m▀[38;2;49;78;63m[48;2;79;93;66m▀[48;2;49;78;63m▀[38;2;43;69;79m▀[38;2;79;93;66m▀[48;2;29;50;48m▀[38;2;58;112;142m[48;2;49;78;63m▀[38;2;154;159;135m▀[48;2;58;112;142m▀[48;2;154;159;135m▀▀[38;2;237;230;203m[48;2;237;230;203m▀▀▀▀▀▀[38;2;79;93;66m[48;2;154;159;135m▀[38;2;29;50;48m[48;2;29;50;48m▀[0m
[38;2;105;159;173m[48;2;105;159;173m▀[38;2;21;29;26m[48;2;21;29;26m▀[38;2;29;50;48m▀[38;2;49;78;63m▀▀[38;2;29;50;48m▀[38;2;49;78;63m▀[38;2;79;93;66m[48;2;29;50;48m▀[38;2;49;78;63m▀▀[38;2;154;159;135m▀[38;2;237;230;203m▀[48;2;49;78;63m▀[48;2;79;93;66m▀[48;2;154;159;135m▀[48;2;79;93;66m▀▀▀[38;2;154;159;135m[48;2;29;50;48m▀[38;2;79;93;66m▀▀[38;2;154;159;135m▀[38;2;237;230;203m[48;2;49;78;63m▀[38;2;154;159;135m▀[38;2;29;50;48m[48;2;29;50;48m▀▀▀[38;2;49;78;63m[48;2;49;78;63m▀[38;2;79;93;66m[48;2;79;93;66m▀[38;2;154;159;135m[48;2;154;159;135m▀▀[38;2;237;230;203m[48;2;237;230;203m▀▀▀▀▀▀▀[38;2;154;159;135m[48;2;154;159;135m▀[38;2;29;50;48m[48;2;29;50;48m▀[0m
[38;2;105;159;173m[48;2;237;230;203m▀[38;2;29;50;48m[48;2;58;112;142m▀[38;2;21;29;26m[48;2;21;29;26m▀▀▀▀▀▀▀[38;2;29;50;48m▀▀▀[38;2;21;29;26m[48;2;29;50;48m▀▀[48;2;21;29;26m▀▀▀▀▀▀▀[38;2;29;50;48m[48;2;29;50;48m▀▀[38;2;49;78;63m▀[38;2;79;93;66m[48;2;154;159;135m▀[48;2;237;230;203m▀[48;2;154;159;135m▀▀[48;2;79;93;66m▀▀▀[38;2;58;112;142m▀[38;2;154;159;135m[48;2;49;78;63m▀[38;2;58;112;142m▀[38;2;154;159;135m[48;2;29;50;48m▀[48;2;21;29;26m▀[48;2;29;50;48m▀[38;2;237;230;203m[48;2;154;159;135m▀[48;2;237;230;203m▀[38;2;29;50;48m[48;2;49;78;63m▀[0m
[38;2;237;230;203m[48;2;237;230;203m▀▀[38;2;79;93;66m▀[38;2;21;29;26m[48;2;58;112;142m▀[48;2;21;29;26m▀▀▀▀▀▀▀▀▀▀▀▀▀▀▀▀▀▀▀▀[38;2;49;78;63m▀[38;2;154;159;135m[48;2;49;78;63m▀[38;2;237;230;203m[48;2;237;230;203m▀▀▀▀[38;2;154;159;135m[48;2;154;159;135m▀▀▀[48;2;79;93;66m▀[38;2;58;112;142m[48;2;58;112;142m▀[38;2;79;93;66m▀[38;2;58;112;142m[48;2;79;93;66m▀[38;2;154;159;135m▀[38;2;237;230;203m[48;2;154;159;135m▀[38;2;49;78;63m[48;2;79;93;66m▀[0m
[38;2;237;230;203m[48;2;237;230;203m▀▀▀▀[38;2;58;112;142m▀[38;2;21;29;26m[48;2;154;159;135m▀[48;2;29;50;48m▀[48;2;21;29;26m▀▀▀▀▀▀▀▀▀▀▀▀▀▀▀▀▀▀[38;2;49;78;63m[48;2;29;50;48m▀[38;2;237;230;203m[48;2;154;159;135m▀[48;2;237;230;203m▀[48;2;154;159;135m▀[38;2;154;159;135m[48;2;237;230;203m▀▀▀▀▀[38;2;237;230;203m▀▀▀▀▀[38;2;79;93;66m[48;2;58;112;142m▀[0m
[38;2;154;159;135m[48;2;237;230;203m▀▀▀[38;2;237;230;203m▀[48;2;154;159;135m▀▀[38;2;154;159;135m▀[38;2;79;93;66m[48;2;237;230;203m▀[38;2;21;29;26m[48;2;154;159;135m▀[48;2;79;93;66m▀[48;2;29;50;48m▀[48;2;21;29;26m▀▀▀▀▀▀▀▀[48;2;29;50;48m▀▀[48;2;49;78;63m▀▀[38;2;29;50;48m▀[48;2;79;93;66m▀▀[38;2;79;93;66m▀[38;2;237;230;203m[48;2;237;230;203m▀▀▀▀▀▀▀▀▀▀▀▀[38;2;154;159;135m[48;2;154;159;135m▀[0m
[38;2;237;230;203m[48;2;237;230;203m▀▀▀▀▀▀▀▀▀▀[38;2;154;159;135m▀[38;2;29;50;48m[48;2;154;159;135m▀[38;2;21;29;26m[48;2;29;50;48m▀▀▀[48;2;79;93;66m▀[38;2;49;78;63m[48;2;154;159;135m▀[38;2;79;93;66m▀[38;2;154;159;135m[48;2;237;230;203m▀▀▀[38;2;237;230;203m▀[38;2;79;93;66m[48;2;58;112;142m▀[38;2;29;50;48m[48;2;29;50;48m▀[38;2;49;78;63m▀[38;2;105;159;173m[48;2;105;159;173m▀[48;2;154;159;135m▀[38;2;237;230;203m[48;2;237;230;203m▀▀▀▀▀▀▀▀▀▀▀▀[38;2;154;159;135m▀[0m
[38;2;237;230;203m[48;2;154;159;135m▀▀[48;2;237;230;203m▀▀▀▀▀▀▀▀▀▀[38;2;49;78;63m[48;2;49;78;63m▀[38;2;29;50;48m[48;2;29;50;48m▀[38;2;79;93;66m[48;2;58;112;142m▀[38;2;154;159;135m[48;2;154;159;135m▀▀[48;2;237;230;203m▀[48;2;154;159;135m▀▀▀▀[48;2;79;93;66m▀[38;2;49;78;63m[48;2;154;159;135m▀[38;2;58;112;142m▀[38;2;154;159;135m▀▀[38;2;237;230;203m▀▀▀▀▀[48;2;237;230;203m▀▀▀▀▀▀▀▀[0m
[38;2;79;93;66m[48;2;182;131;76m▀[38;2;182;131;76m▀[38;2;154;159;135m[48;2;79;93;66m▀▀[48;2;182;131;76m▀[48;2;154;159;135m▀▀[48;2;79;93;66m▀▀▀▀[38;2;79;93;66m[48;2;182;131;76m▀[48;2;154;159;135m▀[38;2;58;112;142m▀[38;2;154;159;135m▀▀[38;2;237;230;203m▀[38;2;154;159;135m▀▀▀▀[48;2;79;93;66m▀[38;2;79;93;66m[48;2;154;159;135m▀[38;2;154;159;135m▀▀▀▀▀▀▀▀▀▀▀▀▀▀▀[38;2;237;230;203m▀[38;2;154;159;135m▀[0m
[38;2;154;159;135m[48;2;49;78;63m▀▀[38;2;79;93;66m▀▀[38;2;154;159;135m[48;2;79;93;66m▀[38;2;79;93;66m▀[48;2;58;112;142m▀[48;2;154;159;135m▀[38;2;182;131;76m▀[48;2;79;93;66m▀▀[48;2;182;131;76m▀[38;2;112;77;43m[48;2;112;77;43m▀[38;2;182;131;76m[48;2;79;93;66m▀[38;2;112;77;43m▀[48;2;112;77;43m▀[38;2;182;131;76m[48;2;79;93;66m▀▀▀[38;2;79;93;66m▀▀▀[38;2;154;159;135m[48;2;182;131;76m▀[48;2;154;159;135m▀▀▀▀▀▀▀▀▀▀▀▀▀▀▀▀[38;2;79;93;66m[48;2;29;50;48m▀[0m
[38;2;79;93;66m[48;2;43;69;79m▀▀[38;2;43;69;79m▀▀[38;2;79;93;66m[48;2;58;112;142m▀[38;2;43;69;79m[48;2;43;69;79m▀[38;2;49;78;63m[48;2;79;93;66m▀[48;2;58;112;142m▀[48;2;79;93;66m▀[38;2;43;69;79m[48;2;58;112;142m▀[38;2;49;78;63m▀[48;2;79;93;66m▀▀▀[38;2;79;93;66m[48;2;49;78;63m▀▀[48;2;29;50;48m▀[38;2;154;159;135m[48;2;49;78;63m▀▀[38;2;79;93;66m[48;2;79;93;66m▀▀[38;2;154;159;135m▀[38;2;182;131;76m[48;2;154;159;135m▀▀[48;2;79;93;66m▀▀[48;2;182;131;76m▀▀[48;2;112;77;43m▀[48;2;182;131;76m▀[38;2;154;159;135m▀▀[48;2;154;159;135m▀▀▀▀▀▀[38;2;79;93;66m[48;2;29;50;48m▀[38;2;29;50;48m▀[0m
[38;2;43;69;79m[48;2;43;69;79m▀▀▀[48;2;79;93;66m▀[48;2;43;69;79m▀▀▀▀▀[48;2;79;93;66m▀[38;2;58;112;142m▀[38;2;154;159;135m▀[38;2;58;112;142m▀▀[48;2;58;112;142m▀[38;2;105;159;173m▀▀[38;2;154;159;135m▀[38;2;79;93;66m[48;2;79;93;66m▀[38;2;58;112;142m[48;2;105;159;173m▀[38;2;79;93;66m[48;2;58;112;142m▀[48;2;105;159;173m▀[38;2;49;78;63m▀[48;2;49;78;63m▀[38;2;79;93;66m[48;2;79;93;66m▀[48;2;29;50;48m▀▀[48;2;49;78;63m▀[38;2;182;131;76m[48;2;79;93;66m▀[48;2;112;77;43m▀▀[38;2;79;93;66m[48;2;79;93;66m▀[48;2;182;131;76m▀[38;2;182;131;76m▀▀[48;2;79;93;66m▀▀[38;2;29;50;48m[48;2;29;50;48m▀[38;2;49;78;63m[48;2;49;78;63m▀[38;2;29;50;48m[48;2;29;50;48m▀[0m
